24915.201432, -101885.243780 
 
24940.649019, -101349.351626 
 
24954.349999, -100813.621814 
 
24959.342128, -100278.076802 
 
24956.914842, -99742.743009 
 
24947.765173, -99207.648988 
 
24932.317682, -98672.824810 
 
24910.848077, -98138.301848 
 
24883.540423, -97604.112747 
 
24850.516639, -97070.291518 
 
24811.397039, -96531.028305 
 
24762.987438, -95945.057638 
 
24709.059851, -95359.565021 
 
24649.943939, -94774.562677 
 
24586.034533, -94190.051241 
 
24517.656141, -93606.033019 
 
24445.034870, -93022.516867 
 
24368.318885, -92439.517920 
 
24287.604603, -91857.055938 
 
24202.956076, -91275.153794 
 
24114.417360, -90693.836400 
 
24022.020056, -90113.130000 
 
23925.787885, -89533.061711 
 
23825.739495, -88953.659229 
 
23721.890228, -88374.950634 
 
23614.253239, -87796.964255 
 
23502.840242, -87219.728585 
 
23387.661999, -86643.272213 
 
23268.728661, -86067.623776 
 
23146.049998, -85492.811931 
 
23019.635569, -84918.865323 
 
22889.494842, -84345.812565 
 
22755.637275, -83773.682227 
 
22618.072389, -83202.502815 
 
22476.809806, -82632.302764 
 
22331.859294, -82063.110431 
 
22183.230789, -81494.954080 
 
22030.934416, -80927.861880 
 
21874.980508, -80361.861896 
 
21715.379615, -79796.982084 
 
21552.142515, -79233.250284 
 
21385.280221, -78670.694216 
 
21214.803984, -78109.341474 
 
21040.725300, -77549.219523 
 
20863.055913, -76990.355691 
 
20681.807812, -76432.777170 
 
20496.993237, -75876.511007 
 
20308.624680, -75321.584101 
 
20116.714879, -74768.023203 
 
19921.276824, -74215.854906 
 
19722.323752, -73665.105647 
 
19519.869149, -73115.801698 
 
19313.926747, -72567.969170 
 
19104.510521, -72021.634000 
 
18891.634690, -71476.821956 
 
18675.313712, -70933.558629 
 
18455.562285, -70391.869433 
 
18232.395344, -69851.779598 
 
18005.828056, -69313.314171 
 
17775.875820, -68776.498012 
 
17542.554263, -68241.355787 
 
17305.879240, -67707.911972 
 
17065.866826, -67176.190846 
 
16822.533320, -66646.216489 
 
16575.895236, -66118.012780 
 
16325.969303, -65591.603393 
 
16072.772462, -65067.011798 
 
15816.321861, -64544.261253 
 
15556.634853, -64023.374809 
 
15293.728996, -63504.375300 
 
15027.622043, -62987.285348 
 
14758.331943, -62472.127354 
 
14485.876840, -61958.923502 
 
14210.275063, -61447.695754 
 
13931.545128, -60938.465848 
 
13649.705734, -60431.255296 
 
13364.775756, -59926.085384 
 
13076.774247, -59422.977170 
 
12785.720428, -58921.951480 
 
12491.633692, -58423.028908 
 
12194.533593, -57926.229816 
 
11894.439849, -57431.574329 
 
11591.372333, -56939.082338 
 
11285.351073, -56448.773494 
 
10976.396248, -55960.667212 
 
10664.528182, -55474.782664 
 
10349.767343, -54991.138783 
 
10032.134340, -54509.754259 
 
9711.649915, -54030.647540 
 
9388.334946, -53553.836827 
 
9062.210435, -53079.340080 
 
8733.297515, -52607.175010 
 
8401.617435, -52137.359084 
 
8067.191566, -51669.909520 
 
7730.041392, -51204.843292 
 
7390.188506, -50742.177120 
 
7047.654612, -50281.927481 
 
6702.461515, -49824.110600 
 
6354.631120, -49368.742453 
 
6004.185429, -48915.838767 
 
5651.146539, -48465.415019 
 
5295.536635, -48017.486435 
 
4937.377986, -47572.067992 
 
4576.692946, -47129.174416 
 
4213.503949, -46688.820184 
 
3847.833501, -46251.019521 
 
3479.704184, -45815.786403 
 
3109.138646, -45383.134556 
 
2736.159602, -44953.077457 
 
2360.789828, -44525.628332 
 
1983.052159, -44100.800160 
 
1602.969486, -43678.605669 
 
1220.564750, -43259.057341 
 
835.860944, -42842.167408 
 
448.881103, -42427.947857 
 
59.648307, -42016.410427 
 
-331.814327, -41607.566611 
 
-725.483644, -41201.427656 
 
-1121.336459, -40798.004565 
 
-1519.349555, -40397.308098 
 
-1919.499689, -39999.348770 
 
-2321.763594, -39604.136854 
 
-2726.117985, -39211.682384 
 
-3132.539556, -38821.995150 
 
-3541.004989, -38435.084704 
 
-3951.490953, -38050.960361 
 
-4363.974110, -37669.631194 
 
-4778.431113, -37291.106046 
 
-5194.838614, -36915.393518 
 
-5613.173266, -36542.501982 
 
-6033.411722, -36172.439574 
 
-6455.530640, -35805.214199 
 
-6879.506689, -35440.833531 
 
-7305.316545, -35079.305017 
 
-7732.936899, -34720.635874 
 
-8162.344458, -34364.833091 
 
-8593.515945, -34011.903434 
 
-9026.428105, -33661.853446 
 
-9461.057708, -33314.689445 
 
-9897.381547, -32970.417528 
 
-10335.376444, -32629.043575 
 
-10775.019250, -32290.573246 
 
-11216.286852, -31955.011985 
 
-11659.156168, -31622.365021 
 
-12103.604155, -31292.637370 
 
-12549.607810, -30965.833835 
 
-12997.144170, -30641.959009 
 
-13446.190316, -30321.017279 
 
-13896.723376, -30003.012821 
 
-14348.720523, -29687.949608 
 
-14802.158982, -29375.831409 
 
-15257.016030, -29066.661793 
 
-15713.268995, -28760.444124 
 
-16170.895264, -28457.181573 
 
-16629.872278, -28156.877110 
 
-17090.177539, -27859.533513 
 
-17551.788610, -27565.153364 
 
-18014.683117, -27273.739055 
 
-18478.838748, -26985.292790 
 
-18944.233260, -26699.816582 
 
-19410.844476, -26417.312260 
 
-19878.650289, -26137.781467 
 
-20347.628662, -25861.225665 
 
-20817.757632, -25587.646136 
 
-21289.015308, -25317.043980 
 
-21761.379874, -25049.420124 
 
-22234.829593, -24784.775317 
 
-22709.342805, -24523.110136 
 
-23184.897928, -24264.424986 
 
-23661.473463, -24008.720103 
 
-24139.047991, -23755.995555 
 
-24617.600176, -23506.251244 
 
-25097.108769, -23259.486908 
 
-25577.552604, -23015.702124 
 
-26058.910604, -22774.896307 
 
-26541.161776, -22537.068714 
 
-27024.285220, -22302.218446 
 
-27508.260124, -22070.344449 
 
-27993.065767, -21841.445516 
 
-28478.681519, -21615.520291 
 
-28965.086845, -21392.567264 
 
-29452.261301, -21172.584784 
 
-29940.184541, -20955.571049 
 
-30428.836310, -20741.524118 
 
-30918.196454, -20530.441904 
 
-31408.244912, -20322.322183 
 
-31898.961724, -20117.162592 
 
-32390.327026, -19914.960633 
 
-32882.321054, -19715.713670 
 
-33374.924145, -19519.418938 
 
-33868.116735, -19326.073540 
 
-34361.879362, -19135.674450 
 
-34856.192666, -18948.218513 
 
-35351.037387, -18763.702451 
 
-35846.394372, -18582.122862 
 
-36342.244567, -18403.476221 
 
-36838.569024, -18227.758882 
 
-37335.348900, -18054.967083 
 
-37832.565455, -17885.096943 
 
-38330.200055, -17718.144468 
 
-38828.234171, -17554.105550 
 
-39326.649381, -17392.975967 
 
-39825.427367, -17234.751392 
 
-40324.549919, -17079.427385 
 
-40823.998934, -16926.999403 
 
-41323.756416, -16777.462796 
 
-41823.804476, -16630.812811 
 
-42324.125332, -16487.044595 
 
-42824.701310, -16346.153194 
 
-43325.514844, -16208.133555 
 
-43826.548478, -16072.980530 
 
-44327.784860, -15940.688874 
 
-44829.206751, -15811.253250 
 
-45330.797017, -15684.668228 
 
-45832.538634, -15560.928288 
 
-46334.414686, -15440.027821 
 
-46836.408367, -15321.961132 
 
-47338.502979, -15206.722438 
 
-47840.681932, -15094.305872 
 
-48342.928746, -14984.705486 
 
-48845.227047, -14877.915249 
 
-49347.560574, -14773.929052 
 
-49849.913170, -14672.740704 
 
-50352.268791, -14574.343941 
 
-50854.611497, -14478.732421 
 
-51356.925461, -14385.899729 
 
-51859.194960, -14295.839376 
 
-52361.404382, -14208.544803 
 
-52863.538221, -14124.009381 
 
-53365.581081, -14042.226411 
 
-53867.517672, -13963.189129 
 
-54369.332812, -13886.890702 
 
-54871.011427, -13813.324234 
 
-55372.538549, -13742.482768 
 
-55873.899317, -13674.359280 
 
-56375.078978, -13608.946689 
 
-56876.062884, -13546.237854 
 
-57376.836493, -13486.225574 
 
-57877.385371, -13428.902593 
 
-58377.695187, -13374.261597 
 
-58877.751718, -13322.295221 
 
-59377.540843, -13272.996043 
 
-59877.048550, -13226.356590 
 
-60376.260926, -13182.369338 
 
-60875.164167, -13141.026715 
 
-61373.744571, -13102.321096 
 
-61871.988539, -13066.244812 
 
-62369.882576, -13032.790147 
 
-62867.413290, -13001.949338 
 
-63364.567389, -12973.714580 
 
-63861.331687, -12948.078021 
 
-64357.693097, -12925.031771 
 
-64853.638633, -12904.567897 
 
-65349.155413, -12886.678425 
 
-65844.230651, -12871.355344 
 
-66338.851666, -12858.590603 
 
-66833.005873, -12848.376115 
 
-67326.680787, -12840.703756 
 
-67819.864024, -12835.565369 
 
-68312.543296, -12832.952760 
 
-68804.706415, -12832.857703 
 
-69296.341288, -12835.271940 
 
-69787.435922, -12840.187181 
 
-70277.978420, -12847.595107 
 
-70767.956979, -12857.487368 
 
-71257.359894, -12869.855584 
 
-71746.175556, -12884.691351 
 
-72234.392449, -12901.986235 
 
-72721.999152, -12921.731776 
 
-73208.984338, -12943.919491 
 
-73695.336774, -12968.540869 
 
-74181.045320, -12995.587378 
 
-74666.098927, -13025.050462 
 
-75150.486640, -13056.921545 
 
-75634.197595, -13091.192026 
 
-76117.221017, -13127.853286 
 
-76599.546225, -13166.896687 
 
-77081.162625, -13208.313569 
 
-77562.059715, -13252.095256 
 
-78042.227080, -13298.233054 
 
-78521.654395, -13346.718251 
 
-79000.331423, -13397.542121 
 
-79478.248014, -13450.695920 
 
-79955.394105, -13506.170890 
 
-80431.759720, -13563.958261 
 
-80907.334968, -13624.049246 
 
-81382.110045, -13686.435048 
 
-81856.075232, -13751.106857 
 
-82329.220893, -13818.055849 
 
-82801.537478, -13887.273193 
 
-83273.015518, -13958.750044 
 
-83743.645629, -14032.477551 
 
-84213.418509, -14108.446850 
 
-84682.324937, -14186.649071 
 
-85150.355775, -14267.075335 
 
-85617.501965, -14349.716755 
 
-86083.754530, -14434.564438 
 
-86549.104571, -14521.609485 
 
-87013.543271, -14610.842989 
 
-87477.061890, -14702.256040 
 
-87939.651767, -14795.839721 
 
-88401.304318, -14891.585114 
 
-88862.011039, -14989.483293 
 
-89321.763500, -15089.525331 
 
-89780.553348, -15191.702298 
 
-90238.372306, -15296.005262 
 
-90695.212172, -15402.425287 
 
-91151.064819, -15510.953439 
 
-91605.922195, -15621.580779 
 
-92059.776320, -15734.298369 
 
-92512.619289, -15849.097273 
 
-92964.443268, -15965.968551 
 
-93415.240497, -16084.903268 
 
-93865.003286, -16205.892486 
 
-94313.724017, -16328.927272 
 
-94761.395144, -16453.998693 
 
-95208.009188, -16581.097818 
 
-95653.558743, -16710.215719 
 
-96098.036471, -16841.343471 
 
-96541.435102, -16974.472153 
 
-96983.747434, -17109.592847 
 
-97424.966335, -17246.696638 
 
-97865.084738, -17385.774617 
 
-98304.095644, -17526.817879 
 
-98741.992119, -17669.817525 
 
-99178.767295, -17814.764660 
 
-99614.414371, -17961.650394 
 
-100048.926610, -18110.465845 
 
-100482.297337, -18261.202137 
 
-100914.519944, -18413.850400 
 
-101345.587886, -18568.401769 
 
-101775.494678, -18724.847389 
 
-102204.233901, -18883.178412 
 
-102631.799195, -19043.385996 
 
-103058.184265, -19205.461308 
 
-103483.382873, -19369.395524 
 
-103907.388845, -19535.179827 
 
-104330.196065, -19702.805409 
 
-104751.798476, -19872.263471 
 
-105172.190083, -20043.545224 
 
-105591.364948, -20216.641889 
 
-106009.317191, -20391.544693 
 
-106426.040990, -20568.244877 
 
-106841.530581, -20746.733690 
 
-107255.780256, -20927.002391 
 
-107668.784365, -21109.042251 
 
-108080.537312, -21292.844551 
 
-108491.033558, -21478.400583 
 
-108900.267619, -21665.701648 
 
-109308.234066, -21854.739062 
 
-109714.927524, -22045.504149 
 
-110120.342671, -22237.988248 
 
-110524.474239, -22432.182706 
 
-110927.317014, -22628.078886 
 
-111328.865834, -22825.668159 
 
-111729.115589, -23024.941911 
 
-112128.061220, -23225.891540 
 
-112525.697721, -23428.508456 
 
-112922.020136, -23632.784083 
 
-113317.023560, -23838.709855 
 
-113710.703138, -24046.277223 
 
-114103.054063, -24255.477648 
 
-114494.071581, -24466.302606 
 
-114883.750984, -24678.743585 
 
-115272.087613, -24892.792088 
 
-115659.076858, -25108.439630 
 
-116044.714156, -25325.677743 
 
-116428.994992, -25544.497968 
 
-116811.914897, -25764.891864 
 
-117193.469451, -25986.851002 
 
-117573.654276, -26210.366969 
 
-117952.465044, -26435.431364 
 
-118329.897471, -26662.035802 
 
-118705.947316, -26890.171912 
 
-119080.610387, -27119.831338 
 
-119453.882532, -27351.005738 
 
-119825.759646, -27583.686784 
 
-120196.237666, -27817.866165 
 
-120565.312574, -28053.535584 
 
-120932.980392, -28290.686758 
 
-121299.237188, -28529.311419 
 
-121664.079070, -28769.401316 
 
-122027.502188, -29010.948211 
 
-122389.502734, -29253.943883 
 
-122750.076942, -29498.380124 
 
-123109.221085, -29744.248745 
 
-123466.931477, -29991.541568 
 
-123823.204474, -30240.250433 
 
-124178.036469, -30490.367197 
 
-124531.423897, -30741.883728 
 
-124883.363229, -30994.791914 
 
-125233.850980, -31249.083655 
 
-125582.883697, -31504.750871 
 
-125930.457971, -31761.785493 
 
-126276.570427, -32020.179471 
 
-126621.217730, -32279.924770 
 
-126964.396580, -32541.013369 
 
-127306.103716, -32803.437265 
 
-127646.335912, -33067.188470 
 
-127985.089979, -33332.259013 
 
-128322.362765, -33598.640936 
 
-128658.151152, -33866.326300 
 
-128992.452058, -34135.307180 
 
-129325.262436, -34405.575668 
 
-129656.579274, -34677.123872 
 
-129986.399595, -34949.943914 
 
-130314.720455, -35224.027935 
 
-130641.538946, -35499.368090 
 
-130966.852191, -35775.956549 
 
-131290.657348, -36053.785501 
 
-131612.951607, -36332.847149 
 
-131933.732193, -36613.133713 
 
-132252.996362, -36894.637426 
 
-132570.741401, -37177.350542 
 
-132886.964631, -37461.265326 
 
-133201.663404, -37746.374063 
 
-133514.835104, -38032.669051 
 
-133826.477144, -38320.142605 
 
-134136.586971, -38608.787057 
 
-134445.162062, -38898.594754 
 
-134752.199921, -39189.558058 
 
-135057.698087, -39481.669347 
 
-135361.654126, -39774.921018 
 
-135664.065634, -40069.305480 
 
-135964.930236, -40364.815160 
 
-136264.245588, -40661.442499 
 
-136562.009374, -40959.179956 
 
-136858.219305, -41258.020004 
 
-137152.873122, -41557.955133 
 
-137445.968594, -41858.977847 
 
-137737.503518, -42161.080669 
 
-138027.475719, -42464.256134 
 
-138315.883049, -42768.496794 
 
-138602.723386, -43073.795217 
 
-138887.994637, -43380.143986 
 
-139171.694736, -43687.535701 
 
-139453.821641, -43995.962975 
 
-139734.373338, -44305.418438 
 
-140013.347840, -44615.894736 
 
-140290.743184, -44927.384529 
 
-140566.557434, -45239.880493 
 
-140840.788679, -45553.375320 
 
-141113.435033, -45867.861715 
 
-141384.494635, -46183.332401 
 
-141653.965650, -46499.780115 
 
-141921.846267, -46817.197608 
 
-142188.134698, -47135.577649 
 
-142452.829181, -47454.913018 
 
-142715.927977, -47775.196514 
 
-142977.429371, -48096.420949 
 
-143237.331673, -48418.579150 
 
-143495.633214, -48741.663959 
 
-143752.332350, -49065.668232 
 
-144007.427460, -49390.584842 
 
-144260.916944, -49716.406675 
 
-144512.799226, -50043.126632 
 
-144763.072754, -50370.737628 
 
-145011.735995, -50699.232594 
 
-145258.787440, -51028.604475 
 
-145504.225603, -51358.846229 
 
-145748.049017, -51689.950830 
 
-145990.256239, -52021.911267 
 
-146230.845846, -52354.720541 
 
-146469.816436, -52688.371669 
 
-146707.166630, -53022.857681 
 
-146942.895066, -53358.171623 
 
-147177.000408, -53694.306554 
 
-147409.481336, -54031.255545 
 
-147640.336552, -54369.011685 
 
-147869.564779, -54707.568073 
 
-148097.164758, -55046.917825 
 
-148323.135253, -55387.054068 
 
-148547.475044, -55727.969945 
 
-148770.182934, -56069.658611 
 
-148991.257742, -56412.113236 
 
-149210.698309, -56755.327003 
 
-149428.503494, -57099.293107 
 
-149644.672175, -57444.004758 
 
-149859.203248, -57789.455180 
 
-150072.095630, -58135.637608 
 
-150283.348254, -58482.545293 
 
-150492.960071, -58830.171496 
 
-150700.930054, -59178.509494 
 
-150907.257189, -59527.552574 
 
-151111.940484, -59877.294040 
 
-151314.978963, -60227.727205 
 
-151516.371667, -60578.845396 
 
-151716.117655, -60930.641954 
 
-151914.216005, -61283.110231 
 
-152110.665810, -61636.243593 
 
-152305.466180, -61990.035418 
 
-152498.616245, -62344.479096 
 
-152690.115149, -62699.568030 
 
-152879.962052, -63055.295635 
 
-153068.156133, -63411.655339 
 
-153254.696587, -63768.640580 
 
-153439.582624, -64126.244811 
 
-153622.813471, -64484.461496 
 
-153804.388371, -64843.284109 
 
-153984.306583, -65202.706140 
 
-154162.567382, -65562.721087 
 
-154339.170059, -65923.322462 
 
-154514.113919, -66284.503788 
 
-154687.398284, -66646.258599 
 
-154859.022492, -67008.580442 
 
-155028.985893, -67371.462874 
 
-155197.287857, -67734.899464 
 
-155363.927764, -68098.883794 
 
-155528.905013, -68463.409454 
 
-155692.219016, -68828.470047 
 
-155853.869199, -69194.059189 
 
-156013.855005, -69560.170503 
 
-156172.175888, -69926.797626 
 
-156328.831320, -70293.934205 
 
-156483.820784, -70661.573897 
 
-156637.143781, -71029.710372 
 
-156788.799823, -71398.337309 
 
-156938.788436, -71767.448398 
 
-157087.109162, -72137.037339 
 
-157233.761556, -72507.097842 
 
-157378.745186, -72877.623631 
 
-157522.059633, -73248.608435 
 
-157663.704494, -73620.045998 
 
-157803.679378, -73991.930070 
 
-157941.983906, -74364.254416 
 
-158078.617714, -74737.012805 
 
-158213.580452, -75110.199022 
 
-158346.871781, -75483.806857 
 
-158478.491375, -75857.830114 
 
-158608.438922, -76232.262602 
 
-158736.714124, -76607.098144 
 
-158863.316693, -76982.330571 
 
-158988.246356, -77357.953722 
 
-159111.502850, -77733.961448 
 
-159233.085927, -78110.347607 
 
-159352.995351, -78487.106069 
 
-159471.230897, -78864.230709 
 
-159587.792353, -79241.715417 
 
-159702.679520, -79619.554086 
 
-159815.892210, -79997.740622 
 
-159927.430248, -80376.268939 
 
-160037.293470, -80755.132959 
 
-160145.481724, -81134.326613 
 
-160251.994870, -81513.843842 
 
-160356.832782, -81893.678593 
 
-160459.995341, -82273.824824 
 
-160561.482444, -82654.276500 
 
-160661.293997, -83035.027596 
 
-160759.429919, -83416.072093 
 
-160855.890139, -83797.403981 
 
-160950.674599, -84179.017261 
 
-161043.783251, -84560.905937 
 
-161135.216059, -84943.064025 
 
-161224.972998, -85325.485547 
 
-161313.054054, -85708.164534 
 
-161399.459223, -86091.095023 
 
-161484.188515, -86474.271062 
 
-161567.241947, -86857.686703 
 
-161648.619551, -87241.336007 
 
-161728.321367, -87625.213044 
 
-161806.347446, -88009.311888 
 
-161882.697852, -88393.626623 
 
-161957.372656, -88778.151340 
 
-162030.371943, -89162.880137 
 
-162101.695807, -89547.807117 
 
-162171.344352, -89932.926394 
 
-162239.317695, -90318.232085 
 
-162305.615960, -90703.718317 
 
-162370.239284, -91089.379222 
 
-162433.187813, -91475.208938 
 
-162494.461705, -91861.201613 
 
-162554.061125, -92247.351397 
 
-162611.986252, -92633.652451 
 
-162668.237272, -93020.098939 
 
-162722.814384, -93406.685034 
 
-162775.717794, -93793.404912 
 
-162826.947721, -94180.252758 
 
-162876.504392, -94567.222763 
 
-162924.388045, -94954.309122 
 
-162970.598927, -95341.506039 
 
-163015.137295, -95728.807720 
 
-163058.003418, -96116.208381 
 
-163099.197572, -96503.702241 
 
-163138.720044, -96891.283525 
 
-163176.571131, -97278.946465 
 
-163212.751139, -97666.685297 
 
-163247.260385, -98054.494263 
 
-163280.099193, -98442.367610 
 
-163311.267900, -98830.299592 
 
-163340.766851, -99218.284466 
 
-163368.596399, -99606.316496 
 
-163394.756909, -99994.389949 
 
-163419.248755, -100382.499099 
 
-163442.072320, -100770.638225 
 
-163463.227996, -101158.801608 
 
-163482.716185, -101546.983538 
 
-163500.537299, -101935.178306 
 
-163516.691759, -102323.380210 
 
-163531.179994, -102711.583551 
 
-163544.002444, -103099.782636 
 
-163555.159558, -103487.971776 
 
-163564.651795, -103876.145286 
 
-163572.479620, -104264.297485 
 
-163578.643513, -104652.422696 
 
-163583.143957, -105040.515248 
 
-163585.981448, -105428.569471 
 
-163587.156492, -105816.579703 
 
-163586.669600, -106204.540282 
 
-163584.521297, -106592.445552 
 
-163580.712113, -106980.289861 
 
-163575.242591, -107368.067559 
 
-163568.113280, -107755.773000 
 
-163559.324739, -108143.400545 
 
-163548.877538, -108530.944553 
 
-163536.772253, -108918.399390 
 
-163523.009471, -109305.759424 
 
-163507.589789, -109693.019028 
 
-163490.513811, -110080.172575 
 
-163471.782150, -110467.214445 
 
-163451.395430, -110854.139018 
 
-163429.354283, -111240.940678 
 
-163405.659350, -111627.613812 
 
-163380.311281, -112014.152810 
 
-163353.310736, -112400.552065 
 
-163324.658382, -112786.805972 
 
-163294.354896, -113172.908929 
 
-163262.400966, -113558.855336 
 
-163228.797286, -113944.639596 
 
-163193.544561, -114330.256115 
 
-163156.643504, -114715.699300 
 
-163118.094837, -115100.963562 
 
-163077.899293, -115486.043313 
 
-163036.057611, -115870.932966 
 
-162992.570541, -116255.626939 
 
-162947.438842, -116640.119650 
 
-162900.663281, -117024.405519 
 
-162852.244635, -117408.478969 
 
-162802.183690, -117792.334423 
 
-162750.481241, -118175.966307 
 
-162697.138091, -118559.369048 
 
-162642.155054, -118942.537075 
 
-162585.532951, -119325.464820 
 
-162527.272613, -119708.146712 
 
-162467.374882, -120090.577187 
 
-162405.840606, -120472.750678 
 
-162342.670644, -120854.661621 
 
-162277.865863, -121236.304453 
 
-162211.427141, -121617.673613 
 
-162143.355364, -121998.763538 
 
-162073.651426, -122379.568669 
 
-162002.316231, -122760.083448 
 
-161929.350695, -123140.302315 
 
-161854.755738, -123520.219713 
 
-161778.532295, -123899.830086 
 
-161700.681304, -124279.127876 
 
-161621.203719, -124658.107529 
 
-161540.100498, -125036.763489 
 
-161457.372610, -125415.090202 
 
-161373.021034, -125793.082112 
 
-161287.046759, -126170.733667 
 
-161199.450781, -126548.039310 
 
-161110.234108, -126924.993490 
 
-161019.397755, -127301.590652 
 
-160926.942748, -127677.825243 
 
-160832.870122, -128053.691708 
 
-160737.180922, -128429.184494 
 
-160639.876202, -128804.298047 
 
-160540.957026, -129179.026812 
 
-160440.424467, -129553.365234 
 
-160338.279609, -129927.307759 
 
-160234.523543, -130300.848832 
 
-160129.157371, -130673.982895 
 
-160022.182207, -131046.704392 
 
-159913.599172, -131419.007767 
 
-159803.409396, -131790.887460 
 
-159691.614022, -132162.337914 
 
-159578.214200, -132533.353569 
 
-159463.211092, -132903.928863 
 
-159346.605869, -133274.058236 
 
-159228.399710, -133643.736125 
 
-159108.593808, -134012.956967 
 
-158987.189363, -134381.715196 
 
-158864.187585, -134750.005246 
 
-158739.589697, -135117.821550 
 
-158613.396928, -135485.158540 
 
-158485.610520, -135852.010644 
 
-158356.231726, -136218.372293 
 
-158225.261805, -136584.237911 
 
-158092.702031, -136949.601924 
 
-157958.553686, -137314.458757 
 
-157822.818063, -137678.802830 
 
-157685.496464, -138042.628563 
 
-157546.590204, -138405.930375 
 
-157406.100607, -138768.702682 
 
-157264.029007, -139130.939897 
 
-157120.376750, -139492.636434 
 
-156975.145192, -139853.786700 
 
-156828.335700, -140214.385106 
 
-156679.949650, -140574.426055 
 
-156529.988433, -140933.903952 
 
-156378.453445, -141292.813196 
 
-156225.346099, -141651.148187 
 
-156070.667814, -142008.903321 
 
-155914.420023, -142366.072990 
 
-155756.604169, -142722.651585 
 
-155597.221706, -143078.633495 
 
-155436.274100, -143434.013105 
 
-155273.762828, -143788.784797 
 
-155109.689377, -144142.942951 
 
-154944.055248, -144496.481944 
 
-154776.861950, -144849.396150 
 
-154608.111006, -145201.679939 
 
-154437.803950, -145553.327679 
 
-154265.942327, -145904.333734 
 
-154092.527695, -146254.692467 
 
-153917.561623, -146604.398234 
 
-153741.045690, -146953.445391 
 
-153562.981490, -147301.828289 
 
-153383.370627, -147649.541275 
 
-153202.214718, -147996.578695 
 
-153019.515390, -148342.934889 
 
-152835.274285, -148688.604193 
 
-152649.493055, -149033.580943 
 
-152462.173365, -149377.859467 
 
-152273.316893, -149721.434091 
 
-152082.925330, -150064.299138 
 
-151891.000376, -150406.448926 
 
-151697.543747, -150747.877769 
 
-151502.557170, -151088.579977 
 
-151306.042386, -151428.549857 
 
-151108.001148, -151767.781711 
 
-150908.435222, -152106.269836 
 
-150707.346385, -152444.008527 
 
-150504.736431, -152780.992072 
 
-150300.607165, -153117.214757 
 
-150094.960403, -153452.670862 
 
-149887.797978, -153787.354664 
 
-149679.121735, -154121.260434 
 
-149468.933531, -154454.382440 
 
-149257.235239, -154786.714943 
 
-149044.028743, -155118.252203 
 
-148829.315942, -155448.988471 
 
-148613.098750, -155778.917996 
 
-148395.379093, -156108.035023 
 
-148176.158910, -156436.333789 
 
-147955.440158, -156763.808528 
 
-147733.224804, -157090.453469 
 
-147509.514832, -157416.262837 
 
-147284.312239, -157741.230849 
 
-147057.619035, -158065.351719 
 
-146829.437249, -158388.619656 
 
-146599.768919, -158711.028863 
 
-146368.616103, -159032.573538 
 
-146135.980869, -159353.247873 
 
-145901.865304, -159673.046056 
 
-145666.271506, -159991.962268 
 
-145429.201593, -160309.990686 
 
-145190.657692, -160627.125482 
 
-144950.641952, -160943.360819 
 
-144709.156532, -161258.690858 
 
-144466.203610, -161573.109753 
 
-144221.785376, -161886.611652 
 
-143975.904041, -162199.190698 
 
-143728.561826, -162510.841029 
 
-143479.760973, -162821.556774 
 
-143229.503736, -163131.332059 
 
-142977.792388, -163440.161003 
 
-142724.629216, -163748.037721 
 
-142470.016526, -164054.956318 
 
-142213.956638, -164360.910897 
 
-141956.451890, -164665.895552 
 
-141697.504637, -164969.904373 
 
-141437.117249, -165272.931442 
 
-141175.292116, -165574.970837 
 
-140912.031641, -165876.016628 
 
-140647.338248, -166176.062878 
 
-140381.214377, -166475.103647 
 
-140113.662485, -166773.132985 
 
-139844.685046, -167070.144938 
 
-139574.284554, -167366.133544 
 
-139302.463518, -167661.092836 
 
-139029.224467, -167955.016839 
 
-138754.569947, -168247.899573 
 
-138478.502524, -168539.735050 
 
-138201.024779, -168830.517276 
 
-137922.139315, -169120.240252 
 
-137641.848752, -169408.897968 
 
-137360.155728, -169696.484412 
 
-137077.062900, -169982.993563 
 
-136792.572947, -170268.419393 
 
-136506.688563, -170552.755869 
 
-136219.412464, -170835.996948 
 
-135930.747385, -171118.136583 
 
-135640.696078, -171399.168719 
 
-135349.261320, -171679.087295 
 
-135056.445903, -171957.886241 
 
-134762.252640, -172235.559482 
 
-134466.684367, -172512.100936 
 
-134169.743937, -172787.504512 
 
-133871.434225, -173061.764114 
 
-133571.758126, -173334.873638 
 
-133270.718556, -173606.826973 
 
-132968.318453, -173877.618002 
 
-132664.560774, -174147.240598 
 
-132359.448499, -174415.688630 
 
-132052.984628, -174682.955959 
 
-131745.172183, -174949.036437 
 
-131436.014210, -175213.923911 
 
-131125.513772, -175477.612219 
 
-130813.673958, -175740.095194 
 
-130500.497879, -176001.366659 
 
-130185.988665, -176261.420432 
 
-129870.149473, -176520.250323 
 
-129552.983480, -176777.850134 
 
-129234.493885, -177034.213660 
 
-128914.683913, -177289.334689 
 
-128593.556811, -177543.207001 
 
-128271.115847, -177795.824371 
 
-127947.364316, -178047.180563 
 
-127622.305535, -178297.269336 
 
-127295.942846, -178546.084442 
 
-126968.279612, -178793.619623 
 
-126639.319225, -179039.868617 
 
-126309.065097, -179284.825151 
 
-125977.520668, -179528.482948 
 
-125644.689401, -179770.835722 
 
-125310.574784, -180011.877180 
 
-124975.180330, -180251.601021 
 
-124638.509580, -180490.000937 
 
-124300.566097, -180727.070612 
 
-123961.353471, -180962.803724 
 
-123620.875319, -181197.193943 
 
-123279.135284, -181430.234931 
 
-122936.137033, -181661.920344 
 
-122591.884263, -181892.243829 
 
-122246.380695, -182121.199026 
 
-121899.630078, -182348.779570 
 
-121551.636188, -182574.979085 
 
-121202.402829, -182799.791190 
 
-120851.933832, -183023.209496 
 
-120500.233055, -183245.227608 
 
-120147.304386, -183465.839122 
 
-119793.151739, -183685.037628 
 
-119437.779057, -183902.816708 
 
-119081.190313, -184119.169936 
 
-118723.389507, -184334.090882 
 
-118364.380669, -184547.573105 
 
-118004.167858, -184759.610160 
 
-117642.755163, -184970.195593 
 
-117280.146702, -185179.322943 
 
-116916.346623, -185386.985744 
 
-116551.359104, -185593.177521 
 
-116185.188355, -185797.891792 
 
-115817.838613, -186001.122069 
 
-115449.314151, -186202.861858 
 
-115079.619267, -186403.104655 
 
-114708.758297, -186601.843953 
 
-114336.735602, -186799.073235 
 
-113963.555579, -186994.785980 
 
-113589.222657, -187188.975658 
 
-113213.741294, -187381.635735 
 
-112837.115983, -187572.759667 
 
-112459.351250, -187762.340907 
 
-112080.451654, -187950.372899 
 
-111700.421784, -188136.849083 
 
-111319.266267, -188321.762889 
 
-110936.989760, -188505.107745 
 
-110553.596958, -188686.877070 
 
-110169.092585, -188867.064277 
 
-109783.481405, -189045.662774 
 
-109396.768212, -189222.665963 
 
-109008.957838, -189398.067239 
 
-108620.055149, -189571.859992 
 
-108230.065047, -189744.037606 
 
-107838.992469, -189914.593458 
 
-107446.842389, -190083.520922 
 
-107053.619818, -190250.813364 
 
-106659.329801, -190416.464146 
 
-106263.977421, -190580.466624 
 
-105867.567800, -190742.814149 
 
-105470.106095, -190903.500066 
 
-105071.597502, -191062.517716 
 
-104672.047254, -191219.860434 
 
-104271.460622, -191375.521551 
 
-103869.842917, -191529.494392 
 
-103467.199488, -191681.772279 
 
-103063.535723, -191832.348528 
 
-102658.857049, -191981.216451 
 
-102253.168934, -192128.369355 
 
-101846.476883, -192273.800543 
 
-101438.786445, -192417.503316 
 
-101030.103206, -192559.470966 
 
-100620.432796, -192699.696787 
 
-100209.780883, -192838.174064 
 
-99798.153179, -192974.896082 
 
-99385.555437, -193109.856121 
 
-98971.993450, -193243.047458 
 
-98557.473056, -193374.463366 
 
-98142.000135, -193504.097115 
 
-97725.580608, -193631.941973 
 
-97308.220442, -193757.991205 
 
-96889.925645, -193882.238072 
 
-96470.702271, -194004.675834 
 
-96050.556416, -194125.297748 
 
-95629.494221, -194244.097069 
 
-95207.521875, -194361.067049 
 
-94784.645607, -194476.200940 
 
-94360.871694, -194589.491990 
 
-93936.206460, -194700.933448 
 
-93510.656272, -194810.518560 
 
-93084.227545, -194918.240571 
 
-92656.926742, -195024.092725 
 
-92228.760371, -195128.068266 
 
-91799.734987, -195230.160437 
 
-91369.857194, -195330.362480 
 
-90939.133645, -195428.667637 
 
-90507.571039, -195525.069151 
 
-90075.176124, -195619.560264 
 
-89641.955699, -195712.134219 
 
-89207.916610, -195802.784259 
 
-88773.065755, -195891.503630 
 
-88337.410079, -195978.285577 
 
-87900.956580, -196063.123345 
 
-87463.712305, -196146.010185 
 
-87025.684355, -196226.939346 
 
-86586.879877, -196305.904080 
 
-86147.306076, -196382.897642 
 
-85706.970203, -196457.913289 
 
-85265.879567, -196530.944280 
 
-84824.041527, -196601.983879 
 
-84381.463493, -196671.025352 
 
-83938.152934, -196738.061968 
 
-83494.117367, -196803.087002 
 
-83049.364368, -196866.093731 
 
-82603.901563, -196927.075437 
 
-82157.736638, -196986.025407 
 
-81710.877330, -197042.936933 
 
-81263.331433, -197097.803313 
 
-80816.171276, -197150.270282 
 
-80375.527532, -197198.331977 
 
-79934.220715, -197244.328514 
 
-79492.258662, -197288.253268 
 
-79049.649265, -197330.099612 
 
-78606.400472, -197369.860926 
 
-78162.520285, -197407.530589 
 
-77718.016765, -197443.101985 
 
-77272.898026, -197476.568502 
 
-76827.172243, -197507.923530 
 
-76380.847646, -197537.160464 
 
-75933.932522, -197564.272704 
 
-75486.435220, -197589.253652 
 
-75038.364145, -197612.096717 
 
-74589.727761, -197632.795314 
 
-74140.534592, -197651.342861 
 
-73690.793223, -197667.732783 
 
-73240.512299, -197681.958512 
 
-72789.700525, -197694.013485 
 
-72338.366667, -197703.891147 
 
-71886.519556, -197711.584950 
 
-71434.168081, -197717.088352 
 
-70981.321195, -197720.394821 
 
-70527.987916, -197721.497832 
 
-70074.177323, -197720.390870 
 
-69619.898560, -197717.067426 
 
-69165.160836, -197711.521005 
 
-68709.973423, -197703.745117 
 
-68254.345659, -197693.733286 
 
-67798.286950, -197681.479045 
 
-67341.806764, -197666.975937 
 
-66884.914639, -197650.217518 
 
-66427.620179, -197631.197356 
 
-65969.933054, -197609.909029 
 
-65511.863005, -197586.346132 
 
-65053.419839, -197560.502268 
 
-64594.613433, -197532.371058 
 
-64135.453732, -197501.946136 
 
-63675.950752, -197469.221148 
 
-63216.114579, -197434.189760 
 
-62755.955370, -197396.845648 
 
-62295.483352, -197357.182509 
 
-61834.708825, -197315.194053 
 
-61373.642160, -197270.874010 
 
-60912.293801, -197224.216126 
 
-60450.674265, -197175.214164 
 
-59988.794142, -197123.861909 
 
-59526.664097, -197070.153163 
 
-59064.294868, -197014.081748 
 
-58601.697268, -196955.641507 
 
-58138.882186, -196894.826304 
 
-57675.860586, -196831.630024 
 
-57212.643510, -196766.046575 
 
-56749.242073, -196698.069886 
 
-56285.667471, -196627.693913 
 
-55821.930975, -196554.912631 
 
-55358.043935, -196479.720045 
 
-54894.017779, -196402.110181 
 
-54429.864015, -196322.077093 
 
-53965.594229, -196239.614862 
 
-53501.220087, -196154.717595 
 
-53036.753337, -196067.379429 
 
-52572.205805, -195977.594527 
 
-52107.589401, -195885.357084 
 
-51642.916113, -195790.661323 
 
-51178.198016, -195693.501499 
 
-50713.447262, -195593.871898 
 
-50248.676090, -195491.766840 
 
-49783.896822, -195387.180677 
 
-49319.121861, -195280.107793 
 
-48854.363697, -195170.542611 
 
-48389.634903, -195058.479585 
 
-47924.948139, -194943.913207 
 
-47460.316149, -194826.838008 
 
-46995.751763, -194707.248555 
 
-46531.267898, -194585.139453 
 
-46066.877557, -194460.505349 
 
-45602.593831, -194333.340929 
 
-45138.429899, -194203.640919 
 
-44674.399025, -194071.400092 
 
-44210.514566, -193936.613258 
 
-43746.789965, -193799.275276 
 
-43283.238754, -193659.381047 
 
-42819.874555, -193516.925521 
 
-42356.711080, -193371.903692 
 
-41893.762133, -193224.310602 
 
-41431.041606, -193074.141345 
 
-40968.563484, -192921.391062 
 
-40506.341842, -192766.054945 
 
-40044.390848, -192608.128239 
 
-39582.724760, -192447.606241 
 
-39121.357933, -192284.484304 
 
-38660.304809, -192118.757833 
 
-38199.579928, -191950.422291 
 
-37739.197921, -191779.473198 
 
-37279.173513, -191605.906132 
 
-36819.521523, -191429.716731 
 
-36360.256865, -191250.900693 
 
-35901.394548, -191069.453777 
 
-35442.949674, -190885.371807 
 
-34984.937443, -190698.650669 
 
-34527.373148, -190509.286314 
 
-34070.272180, -190317.274763 
 
-33613.650023, -190122.612099 
 
-33157.522261, -189925.294478 
 
-32701.904570, -189725.318126 
 
-32246.812728, -189522.679338 
 
-31792.262605, -189317.374483 
 
-31338.270171, -189109.400004 
 
-30884.851492, -188898.752420 
 
-30432.022732, -188685.428325 
 
-29979.800153, -188469.424391 
 
-29528.200113, -188250.737370 
 
-29077.239070, -188029.364095 
 
-28626.933579, -187805.301480 
 
-28177.300292, -187578.546523 
 
-27728.355962, -187349.096306 
 
-27280.117439, -187116.947997 
 
-26832.601669, -186882.098854 
 
-26385.825700, -186644.546221 
 
-25939.806677, -186404.287534 
 
-25494.561843, -186161.320322 
 
-25050.108541, -185915.642205 
 
-24606.464210, -185667.250900 
 
-24163.646390, -185416.144220 
 
-23721.672718, -185162.320077 
 
-23280.560931, -184905.776481 
 
-22840.328861, -184646.511544 
 
-22400.994443, -184384.523481 
 
-21962.575705, -184119.810612 
 
-21525.090776, -183852.371361 
 
-21088.557884, -183582.204262 
 
-20652.995351, -183309.307956 
 
-20218.421599, -183033.681198 
 
-19784.855148, -182755.322853 
 
-19352.314611, -182474.231902 
 
-18920.818703, -182190.407439 
 
-18490.386232, -181903.848680 
 
-18061.036103, -181614.554958 
 
-17632.787318, -181322.525728 
 
-17205.658974, -181027.760566 
 
-16779.670261, -180730.259177 
 
-16354.840468, -180430.021387 
 
-15931.188974, -180127.047155 
 
-15508.735257, -179821.336567 
 
-15087.498883, -179512.889844 
 
-14667.499514, -179201.707337 
 
-14248.756905, -178887.789536 
 
-13831.290903, -178571.137067 
 
-13415.121443, -178251.750694 
 
-13000.268555, -177929.631325 
 
-12586.752357, -177604.780009 
 
-12174.593057, -177277.197941 
 
-11763.810952, -176946.886463 
 
-11354.426426, -176613.847065 
 
-10946.459952, -176278.081388 
 
-10539.932088, -175939.591227 
 
-10134.863480, -175598.378529 
 
-9731.274856, -175254.445401 
 
-9329.187031, -174907.794105 
 
-8928.620901, -174558.427067 
 
-8529.597444, -174206.346874 
 
-8132.137722, -173851.556276 
 
-7736.262874, -173494.058193 
 
-7341.994121, -173133.855710 
 
-6949.352759, -172770.952084 
 
-6558.360165, -172405.350747 
 
-6169.037788, -172037.055300 
 
-5781.407153, -171666.069527 
 
-5395.489861, -171292.397386 
 
-5011.307581, -170916.043018 
 
-4628.882055, -170537.010745 
 
-4248.235095, -170155.305075 
 
-3869.388581, -169770.930703 
 
-3492.364458, -169383.892512 
 
-3117.184739, -168994.195577 
 
-2743.871498, -168601.845164 
 
-2372.446873, -168206.846736 
 
-2002.933063, -167809.205952 
 
-1635.352325, -167408.928669 
 
-1269.726974, -167006.020948 
 
-906.079379, -166600.489050 
 
-544.431966, -166192.339443 
 
-184.807211, -165781.578801 
 
172.772361, -165368.214008 
 
528.284173, -164952.252158 
 
881.705605, -164533.700561 
 
1233.013990, -164112.566738 
 
1582.186620, -163688.858431 
 
1929.200746, -163262.583598 
 
2274.033582, -162833.750421 
 
2616.662304, -162402.367302 
 
2957.064055, -161968.442869 
 
3295.215947, -161531.985979 
 
3631.095063, -161093.005716 
 
3964.678456, -160651.511393 
 
4295.943158, -160207.512558 
 
4624.866177, -159761.018993 
 
4951.424502, -159312.040716 
 
5275.595105, -158860.587982 
 
5597.354944, -158406.671289 
 
5916.680963, -157950.301371 
 
6233.550099, -157491.489212 
 
6547.939282, -157030.246036 
 
6859.825439, -156566.583317 
 
7169.185495, -156100.512775 
 
7475.996378, -155632.046382 
 
7780.235020, -155161.196361 
 
8081.878364, -154687.975188 
 
8380.903360, -154212.395595 
 
8677.286975, -153734.470570 
 
8971.006193, -153254.213357 
 
9262.038017, -152771.637463 
 
9550.359476, -152286.756652 
 
9835.947625, -151799.584953 
 
10118.779548, -151310.136658 
 
10398.832365, -150818.426323 
 
10676.083233, -150324.468769 
 
10950.509347, -149828.279088 
 
11222.087950, -149329.872636 
 
11490.796329, -148829.265042 
 
11756.611826, -148326.472204 
 
12019.511836, -147821.510292 
 
12279.473813, -147314.395750 
 
12536.475272, -146805.145294 
 
12790.493798, -146293.775914 
 
13041.507043, -145780.304877 
 
13289.492735, -145264.749726 
 
13534.428678, -144747.128281 
 
13776.292759, -144227.458637 
 
14015.062952, -143705.759170 
 
14250.717319, -143182.048533 
 
14483.234017, -142656.345660 
 
14712.591302, -142128.669763 
 
14938.767532, -141599.040333 
 
15161.741170, -141067.477144 
 
15381.490792, -140534.000247 
 
15597.995087, -139998.629977 
 
15811.232866, -139461.386947 
 
16021.183063, -138922.292052 
 
16227.824737, -138381.366468 
 
16431.137085, -137838.631649 
 
16631.099436, -137294.109331 
 
16827.691263, -136747.821532 
 
17020.892184, -136199.790545 
 
17210.681969, -135650.038946 
 
17397.040540, -135098.589588 
 
17579.947982, -134545.465603 
 
17759.384542, -133990.690398 
 
17935.330635, -133434.287660 
 
18107.766851, -132876.281349 
 
18276.673958, -132316.695702 
 
18442.032904, -131755.555227 
 
18603.824827, -131192.884707 
 
18762.031056, -130628.709196 
 
18916.633116, -130063.054019 
 
19067.612733, -129495.944767 
 
19214.951841, -128927.407302 
 
19358.632583, -128357.467750 
 
19498.637316, -127786.152500 
 
19634.948620, -127213.488206 
 
19767.549296, -126639.501781 
 
19896.422379, -126064.220398 
 
20021.551133, -125487.671484 
 
20142.919064, -124909.882725 
 
20260.509921, -124330.882054 
 
20374.307699, -123750.697660 
 
20484.296648, -123169.357974 
 
20590.461273, -122586.891676 
 
20692.786343, -122003.327687 
 
20791.256891, -121418.695168 
 
20885.858223, -120833.023518 
 
20976.575918, -120246.342369 
 
21063.395839, -119658.681586 
 
21146.304127, -119070.071260 
 
21225.287218, -118480.541709 
 
21300.331838, -117890.123470 
 
21371.425009, -117298.847303 
 
21438.554059, -116706.744178 
 
21501.706617, -116113.845279 
 
21560.870627, -115520.181999 
 
21616.034344, -114925.785930 
 
21667.186342, -114330.688871 
 
21714.315519, -113734.922811 
 
21757.411098, -113138.519934 
 
21796.462634, -112541.512613 
 
21831.460014, -111943.933404 
 
21862.393464, -111345.815041 
 
21889.253554, -110747.190434 
 
21912.031198, -110148.092666 
 
21930.717657, -109548.554984 
 
21945.304549, -108948.610796 
 
21955.783845, -108348.293667 
 
21962.147877, -107747.637316 
 
21964.389339, -107146.675607 
 
21962.501291, -106545.442546 
 
21956.477165, -105943.972277 
 
21946.310760, -105342.299077 
 
21931.996257, -104740.457346 
 
21913.528208, -104138.481609 
 
21890.901552, -103536.406506 
 
21864.111608, -102934.266786 
 
21833.154081, -102332.097306 
 
21798.025069, -101729.933020 
 
21758.721055, -101127.808978 
 
21715.238920, -100525.760317 
 
21667.575938, -99923.822257 
 
21615.729782, -99322.030095 
 
21559.698524, -98720.419198 
 
21499.480638, -98119.025000 
 
21435.075000, -97517.882991 
 
21366.480892, -96917.028717 
 
21293.698003, -96316.497770 
 
21216.726427, -95716.325783 
 
21135.566670, -95116.548422 
 
21050.219648, -94517.201385 
 
20960.686685, -93918.320391 
 
20866.969521, -93319.941173 
 
20769.070308, -92722.099478 
 
20666.991611, -92124.831055 
 
20560.736410, -91528.171648 
 
20450.308100, -90932.156996 
 
20335.710489, -90336.822820 
 
20216.947804, -89742.204822 
 
20094.024683, -89148.338672 
 
19966.946183, -88555.260010 
 
19835.717775, -87963.004432 
 
19700.345343, -87371.607489 
 
19560.835188, -86781.104678 
 
19417.194024, -86191.531435 
 
19269.428976, -85602.923131 
 
19117.547584, -85015.315064 
 
18961.557800, -84428.742453 
 
18801.467982, -83843.240432 
 
18637.286902, -83258.844044 
 
18469.023737, -82675.588233 
 
18296.688072, -82093.507838 
 
18120.289894, -81512.637591 
 
17939.839596, -80933.012104 
 
17755.347972, -80354.665869 
 
17566.826213, -79777.633246 
 
17374.285910, -79201.948464 
 
17177.739048, -78627.645607 
 
16977.198004, -78054.758614 
 
16772.675547, -77483.321273 
 
16564.184833, -76913.367209 
 
16351.739403, -76344.929885 
 
16135.353181, -75778.042594 
 
15915.040470, -75212.738450 
 
15690.815951, -74649.050387 
 
15462.694676, -74087.011152 
 
15230.692070, -73526.653298 
 
14994.823923, -72968.009180 
 
14755.106389, -72411.110949 
 
14511.555984, -71855.990546 
 
14264.189578, -71302.679698 
 
14013.024395, -70751.209913 
 
13758.078007, -70201.612474 
 
13499.368332, -69653.918434 
 
13236.913630, -69108.158611 
 
12970.732494, -68564.363584 
 
12700.843856, -68022.563689 
 
12427.266970, -67482.789011 
 
12150.021419, -66945.069382 
 
11869.127103, -66409.434378 
 
11584.604240, -65875.913312 
 
11296.473356, -65344.535228 
 
11004.755284, -64815.328902 
 
10709.471160, -64288.322836 
 
10410.642414, -63763.545250 
 
10108.290770, -63241.024085 
 
9802.438237, -62720.786994 
 
9493.107107, -62202.861339 
 
9180.319949, -61687.274190 
 
8864.099603, -61174.052321 
 
8544.469177, -60663.222203 
 
8221.452040, -60154.810005 
 
7895.071816, -59648.841590 
 
7565.352381, -59145.342511 
 
7232.317857, -58644.338008 
 
6895.992607, -58145.853006 
 
6556.401228, -57649.912111 
 
6213.568546, -57156.539611 
 
5867.519612, -56665.759469 
 
5518.279697, -56177.595324 
 
5165.874283, -55692.070486 
 
4810.329061, -55209.207937 
 
4451.669924, -54729.030326 
 
4089.922962, -54251.559970 
 
3725.114455, -53776.818850 
 
3357.270870, -53304.828609 
 
2986.418853, -52835.610553 
 
2612.585226, -52369.185649 
 
2235.796976, -51905.574520 
 
1856.081259, -51444.797450 
 
1473.465383, -50986.874375 
 
1087.976812, -50531.824891 
 
699.643156, -50079.668246 
 
308.492164, -49630.423343 
 
-85.448277, -49184.108737 
 
-482.150152, -48740.742635 
 
-881.585320, -48300.342899 
 
-1283.725522, -47862.927039 
 
-1688.542385, -47428.512219 
 
-2096.007428, -46997.115254 
 
-2506.092069, -46568.752609 
 
-2918.767625, -46143.440401 
 
-3334.005325, -45721.194399 
 
-3751.776309, -45302.030021 
 
-4172.051637, -44885.962340 
 
-4594.802292, -44473.006079 
 
-5019.999187, -44063.175617 
 
-5447.613169, -43656.484981 
 
-5877.615024, -43252.947858 
 
-6309.975484, -42852.577587 
 
-6744.665229, -42455.387161 
 
-7181.654896, -42061.389233 
 
-7620.915080, -41670.596112 
 
-8062.416340, -41283.019766 
 
-8506.129205, -40898.671823 
 
-8952.024181, -40517.563572 
 
-9400.071748, -40139.705964 
 
-9850.242374, -39765.109616 
 
-10302.506513, -39393.784809 
 
-10756.834614, -39025.741491 
 
-11213.197121, -38660.989278 
 
-11671.564482, -38299.537458 
 
-12131.907150, -37941.394990 
 
-12594.195591, -37586.570507 
 
-13058.400285, -37235.072317 
 
-13524.491730, -36886.908407 
 
-13992.440450, -36542.086444 
 
-14462.216994, -36200.613774 
 
-14933.791946, -35862.497431 
 
-15407.135923, -35527.744131 
 
-15882.219583, -35196.360281 
 
-16359.013627, -34868.351977 
 
-16837.488803, -34543.725008 
 
-17317.615912, -34222.484859 
 
-17799.365808, -33904.636712 
 
-18282.709404, -33590.185449 
 
-18767.617674, -33279.135654 
 
-19254.061658, -32971.491617 
 
-19742.012465, -32667.257334 
 
-20231.441276, -32366.436514 
 
-20722.319348, -32069.032575 
 
-21214.618014, -31775.048654 
 
-21708.308693, -31484.487604 
 
-22203.362884, -31197.351999 
 
-22699.752177, -30913.644138 
 
-23197.448252, -30633.366044 
 
-23696.422881, -30356.519472 
 
-24196.647936, -30083.105908 
 
-24698.095383, -29813.126570 
 
-25200.737295, -29546.582419 
 
-25704.545845, -29283.474152 
 
-26209.493316, -29023.802213 
 
-26715.552097, -28767.566789 
 
-27222.694693, -28514.767818 
 
-27730.893721, -28265.404992 
 
-28240.121912, -28019.477756 
 
-28750.352119, -27776.985314 
 
-29261.557315, -27537.926630 
 
-29773.710595, -27302.300434 
 
-30286.785178, -27070.105223 
 
-30800.754412, -26841.339262 
 
-31315.591772, -26616.000592 
 
-31831.270864, -26394.087028 
 
-32347.765426, -26175.596165 
 
-32865.049331, -25960.525380 
 
-33383.096586, -25748.871835 
 
-33901.881336, -25540.632482 
 
-34421.377865, -25335.804060 
 
-34941.560597, -25134.383106 
 
-35462.404097, -24936.365953 
 
-35983.883075, -24741.748734 
 
-36505.972384, -24550.527384 
 
-37028.647021, -24362.697645 
 
-37551.882132, -24178.255069 
 
-38075.653011, -23997.195018 
 
-38599.935101, -23819.512670 
 
-39124.703992, -23645.203021 
 
-39649.935430, -23474.260888 
 
-40175.605310, -23306.680910 
 
-40701.689679, -23142.457555 
 
-41228.164741, -22981.585118 
 
-41755.006852, -22824.057727 
 
-42282.192525, -22669.869348 
 
-42809.698427, -22519.013780 
 
-43337.501383, -22371.484666 
 
-43865.578376, -22227.275493 
 
-44393.906545, -22086.379593 
 
-44922.463189, -21948.790146 
 
-45451.225764, -21814.500188 
 
-45980.171889, -21683.502605 
 
-46509.279338, -21555.790144 
 
-47038.526048, -21431.355409 
 
-47567.890116, -21310.190869 
 
-48097.349799, -21192.288857 
 
-48626.883516, -21077.641576 
 
-49156.469846, -20966.241096 
 
-49686.087529, -20858.079364 
 
-50215.715468, -20753.148200 
 
-50745.332727, -20651.439304 
 
-51274.918530, -20552.944256 
 
-51804.452266, -20457.654519 
 
-52333.913482, -20365.561442 
 
-52863.281888, -20276.656262 
 
-53392.537357, -20190.930108 
 
-53921.659921, -20108.374001 
 
-54450.629775, -20028.978856 
 
-54979.427275, -19952.735489 
 
-55508.032938, -19879.634613 
 
-56036.427440, -19809.666845 
 
-56564.591619, -19742.822706 
 
-57092.506475, -19679.092624 
 
-57620.153166, -19618.466936 
 
-58147.513008, -19560.935893 
 
-58674.567481, -19506.489654 
 
-59201.298219, -19455.118299 
 
-59727.687019, -19406.811822 
 
-60253.715833, -19361.560140 
 
-60779.366772, -19319.353089 
 
-61304.622105, -19280.180432 
 
-61829.464256, -19244.031856 
 
-62353.875808, -19210.896976 
 
-62877.839498, -19180.765338 
 
-63401.338218, -19153.626419 
 
-63924.355017, -19129.469632 
 
-64446.873096, -19108.284323 
 
-64968.875811, -19090.059776 
 
-65490.346670, -19074.785218 
 
-66011.269334, -19062.449813 
 
-66531.627618, -19053.042670 
 
-67051.405484, -19046.552843 
 
-67570.587047, -19042.969332 
 
-68089.156573, -19042.281086 
 
-68607.098475, -19044.477005 
 
-69124.397316, -19049.545938 
 
-69641.037806, -19057.476690 
 
-70157.004801, -19068.258020 
 
-70672.283307, -19081.878643 
 
-71186.858471, -19098.327233 
 
-71700.715589, -19117.592425 
 
-72213.840099, -19139.662812 
 
-72726.217582, -19164.526953 
 
-73237.833763, -19192.173369 
 
-73748.674508, -19222.590549 
 
-74258.725824, -19255.766948 
 
-74767.973858, -19291.690988 
 
-75276.404897, -19330.351064 
 
-75784.005366, -19371.735539 
 
-76290.761829, -19415.832753 
 
-76796.660985, -19462.631016 
 
-77301.689671, -19512.118615 
 
-77805.834857, -19564.283814 
 
-78309.083649, -19619.114855 
 
-78811.423287, -19676.599957 
 
-79312.841142, -19736.727321 
 
-79813.324719, -19799.485131 
 
-80312.861652, -19864.861550 
 
-80811.439707, -19932.844729 
 
-81309.046776, -20003.422800 
 
-81805.670883, -20076.583884 
 
-82301.300177, -20152.316087 
 
-82795.922935, -20230.607506 
 
-83289.527560, -20311.446225 
 
-83782.102579, -20394.820319 
 
-84273.636642, -20480.717855 
 
-84764.118525, -20569.126892 
 
-85253.537122, -20660.035481 
 
-85741.881452, -20753.431669 
 
-86229.140654, -20849.303499 
 
-86715.303984, -20947.639007 
 
-87200.360818, -21048.426230 
 
-87684.300652, -21151.653199 
 
-88167.113095, -21257.307947 
 
-88648.787875, -21365.378506 
 
-89129.314833, -21475.852907 
 
-89608.683925, -21588.719184 
 
-90086.885220, -21703.965372 
 
-90563.908902, -21821.579510 
 
-91039.745261, -21941.549639 
 
-91514.384704, -22063.863808 
 
-91987.817742, -22188.510067 
 
-92460.034999, -22315.476475 
 
-92931.027206, -22444.751095 
 
-93400.785200, -22576.321999 
 
-93869.299924, -22710.177268 
 
-94336.562429, -22846.304990 
 
-94802.563868, -22984.693262 
 
-95267.295499, -23125.330192 
 
-95730.748682, -23268.203898 
 
-96192.914879, -23413.302510 
 
-96653.785653, -23560.614169 
 
-97113.352668, -23710.127029 
 
-97571.607686, -23861.829255 
 
-98028.542570, -24015.709028 
 
-98484.149277, -24171.754542 
 
-98938.419864, -24329.954004 
 
-99391.346483, -24490.295640 
 
-99842.921380, -24652.767687 
 
-100293.136897, -24817.358400 
 
-100741.985469, -24984.056052 
 
-101189.459622, -25152.848930 
 
-101635.551977, -25323.725341 
 
-102080.255243, -25496.673608 
 
-102523.562222, -25671.682074 
 
-102965.465802, -25848.739099 
 
-103405.958964, -26027.833064 
 
-103845.034772, -26208.952368 
 
-104282.686381, -26392.085430 
 
-104718.907030, -26577.220690 
 
-105153.690044, -26764.346608 
 
-105587.028834, -26953.451666 
 
-106018.916892, -27144.524366 
 
-106449.347796, -27337.553233 
 
-106878.315204, -27532.526814 
 
-107305.812859, -27729.433676 
 
-107731.834580, -27928.262413 
 
-108156.374271, -28129.001637 
 
-108579.425911, -28331.639986 
 
-109000.983562, -28536.166123 
 
-109421.041359, -28742.568731 
 
-109839.593519, -28950.836519 
 
-110256.634331, -29160.958222 
 
-110672.158163, -29372.922596 
 
-111086.159457, -29586.718425 
 
-111498.632728, -29802.334516 
 
-111909.572567, -30019.759702 
 
-112318.973634, -30238.982841 
 
-112726.830666, -30459.992818 
 
-113133.138468, -30682.778543 
 
-113537.891916, -30907.328951 
 
-113941.085958, -31133.633004 
 
-114342.715610, -31361.679693 
 
-114742.775956, -31591.458031 
 
-115141.262151, -31822.957061 
 
-115538.169413, -32056.165851 
 
-115933.493031, -32291.073499 
 
-116327.228359, -32527.669127 
 
-116719.370813, -32765.941886 
 
-117109.915879, -33005.880955 
 
-117498.859104, -33247.475538 
 
-117886.196099, -33490.714870 
 
-118271.922539, -33735.588212 
 
-118656.034160, -33982.084853 
 
-119038.526760, -34230.194112 
 
-119419.396199, -34479.905332 
 
-119798.638396, -34731.207889 
 
-120176.249331, -34984.091185 
 
-120552.225042, -35238.544650 
 
-120926.561628, -35494.557744 
 
-121299.255244, -35752.119954 
 
-121670.302103, -36011.220796 
 
-122039.698475, -36271.849817 
 
-122407.440686, -36533.996590 
 
-122773.525120, -36797.650717 
 
-123137.948213, -37062.801831 
 
-123500.706457, -37329.439591 
 
-123861.796399, -37597.553688 
 
-124221.214639, -37867.133840 
 
-124578.957829, -38138.169794 
 
-124935.022675, -38410.651327 
 
-125289.405935, -38684.568244 
 
-125642.104416, -38959.910381 
 
-125993.114980, -39236.667601 
 
-126342.434535, -39514.829798 
 
-126690.060043, -39794.386892 
 
-127035.988511, -40075.328837 
 
-127380.217000, -40357.645611 
 
-127722.742615, -40641.327224 
 
-128063.562511, -40926.363715 
 
-128402.673889, -41212.745153 
 
-128740.073999, -41500.461632 
 
-129075.760137, -41789.503280 
 
-129409.729642, -42079.860252 
 
-129741.979902, -42371.522731 
 
-130072.508349, -42664.480931 
 
-130401.312458, -42958.725093 
 
-130728.389751, -43254.245489 
 
-131053.737791, -43551.032419 
 
-131377.354185, -43849.076211 
 
-131699.236583, -44148.367223 
 
-132019.382678, -44448.895842 
 
-132337.790204, -44750.652482 
 
-132654.456935, -45053.627588 
 
-132969.380689, -45357.811633 
 
-133282.559322, -45663.195117 
 
-133593.990732, -45969.768571 
 
-133903.672856, -46277.522553 
 
-134211.603670, -46586.447649 
 
-134517.781189, -46896.534475 
 
-134822.203468, -47207.773675 
 
-135124.868597, -47520.155920 
 
-135425.774707, -47833.671910 
 
-135724.919965, -48148.312373 
 
-136022.302573, -48464.068066 
 
-136317.920774, -48780.929772 
 
-136611.772843, -49098.888304 
 
-136903.857092, -49417.934502 
 
-137194.171871, -49738.059233 
 
-137482.715560, -50059.253393 
 
-137769.486579, -50381.507904 
 
-138054.483379, -50704.813717 
 
-138337.704447, -51029.161811 
 
-138619.148300, -51354.543189 
 
-138898.813494, -51680.948886 
 
-139176.698612, -52008.369960 
 
-139452.802274, -52336.797499 
 
-139727.123130, -52666.222616 
 
-139999.659863, -52996.636452 
 
-140270.411187, -53328.030174 
 
-140539.375847, -53660.394977 
 
-140806.552619, -53993.722081 
 
-141071.940311, -54328.002734 
 
-141335.537760, -54663.228210 
 
-141597.343832, -54999.389809 
 
-141857.357425, -55336.478857 
 
-142115.577465, -55674.486706 
 
-142372.002907, -56013.404736 
 
-142626.632735, -56353.224350 
 
-142879.465962, -56693.936979 
 
-143130.501628, -57035.534079 
 
-143379.738802, -57378.007131 
 
-143627.176579, -57721.347642 
 
-143872.814083, -58065.547145 
 
-144116.650465, -58410.597198 
 
-144358.684901, -58756.489382 
 
-144598.916596, -59103.215307 
 
-144837.344778, -59450.766605 
 
-145073.968704, -59799.134934 
 
-145308.787654, -60148.311976 
 
-145541.800936, -60498.289439 
 
-145773.007881, -60849.059053 
 
-146002.407845, -61200.612575 
 
-146230.000211, -61552.941785 
 
-146455.784383, -61906.038488 
 
-146679.759792, -62259.894511 
 
-146901.925890, -62614.501707 
 
-147122.282156, -62969.851952 
 
-147340.828089, -63325.937147 
 
-147557.563213, -63682.749214 
 
-147772.487075, -64040.280100 
 
-147985.599244, -64398.521775 
 
-148196.899311, -64757.466233 
 
-148406.386891, -65117.105490 
 
-148614.061620, -65477.431586 
 
-148819.923154, -65838.436583 
 
-149023.971173, -66200.112566 
 
-149226.205377, -66562.451643 
 
-149426.625488, -66925.445943 
 
-149625.231249, -67289.087620 
 
-149822.022422, -67653.368847 
 
-150016.998791, -68018.281823 
 
-150210.160160, -68383.818765 
 
-150401.506352, -68749.971915 
 
-150591.037212, -69116.733535 
 
-150778.752603, -69484.095909 
 
-150964.652408, -69852.051343 
 
-151148.736528, -70220.592164 
 
-151331.004885, -70589.710720 
 
-151511.457420, -70959.399381 
 
-151690.094091, -71329.650537 
 
-151866.914875, -71700.456601 
 
-152041.919768, -72071.810002 
 
-152215.108785, -72443.703196 
 
-152386.481956, -72816.128654 
 
-152556.039332, -73189.078872 
 
-152723.780979, -73562.546362 
 
-152889.706983, -73936.523659 
 
-153053.817446, -74311.003317 
 
-153216.112487, -74685.977910 
 
-153376.592241, -75061.440032 
 
-153535.256862, -75437.382298 
 
-153692.106520, -75813.797338 
 
-153847.141401, -76190.677807 
 
-154000.361706, -76568.016376 
 
-154151.767655, -76945.805736 
 
-154301.359481, -77324.038596 
 
-154449.137437, -77702.707687 
 
-154595.101786, -78081.805754 
 
-154739.252813, -78461.325566 
 
-154881.590812, -78841.259905 
 
-155022.116098, -79221.601577 
 
-155160.828997, -79602.343402 
 
-155297.729852, -79983.478220 
 
-155432.819020, -80364.998888 
 
-155566.096874, -80746.898284 
 
-155697.563801, -81129.169299 
 
-155827.220201, -81511.804846 
 
-155955.066490, -81894.797852 
 
-156081.103098, -82278.141264 
 
-156205.330468, -82661.828046 
 
-156327.749059, -83045.851178 
 
-156448.359342, -83430.203658 
 
-156567.161802, -83814.878500 
 
-156684.156938, -84199.868736 
 
-156799.345263, -84585.167415 
 
-156912.727301, -84970.767599 
 
-157024.303593, -85356.662372 
 
-157134.074689, -85742.844830 
 
-157242.041156, -86129.308087 
 
-157348.203571, -86516.045273 
 
-157452.562524, -86903.049533 
 
-157555.118619, -87290.314030 
 
-157655.872473, -87677.831940 
 
-157754.824712, -88065.596456 
 
-157851.975980, -88453.600787 
 
-157947.326927, -88841.838157 
 
-158040.878220, -89230.301804 
 
-158132.630536, -89618.984982 
 
-158222.584564, -90007.880962 
 
-158310.741005, -90396.983025 
 
-158397.100572, -90786.284473 
 
-158481.663990, -91175.778617 
 
-158564.431996, -91565.458786 
 
-158645.405336, -91955.318323 
 
-158724.584769, -92345.350583 
 
-158801.971068, -92735.548937 
 
-158877.565012, -93125.906772 
 
-158951.367395, -93516.417484 
 
-159023.379022, -93907.074488 
 
-159093.600706, -94297.871208 
 
-159162.033274, -94688.801086 
 
-159228.677563, -95079.857575 
 
-159293.534420, -95471.034141 
 
-159356.604703, -95862.324264 
 
-159417.889281, -96253.721437 
 
-159477.389034, -96645.219168 
 
-159535.104852, -97036.810973 
 
-159591.037634, -97428.490387 
 
-159645.188291, -97820.250952 
 
-159697.557744, -98212.086225 
 
-159748.146924, -98603.989778 
 
-159796.956772, -98995.955190 
 
-159843.988240, -99387.976056 
 
-159889.242288, -99780.045983 
 
-159932.719888, -100172.158588 
 
-159974.422021, -100564.307500 
 
-160014.349678, -100956.486363 
 
-160052.503858, -101348.688829 
 
-160088.885574, -101740.908563 
 
-160123.495844, -102133.139241 
 
-160156.335699, -102525.374551 
 
-160187.406176, -102917.608192 
 
-160216.708326, -103309.833874 
 
-160244.243205, -103702.045317 
 
-160270.011882, -104094.236254 
 
-160294.015433, -104486.400426 
 
-160316.254944, -104878.531587 
 
-160336.731510, -105270.623501 
 
-160355.446236, -105662.669942 
 
-160372.400236, -106054.664693 
 
-160387.594632, -106446.601551 
 
-160401.030556, -106838.474319 
 
-160412.709148, -107230.276813 
 
-160422.631560, -107622.002857 
 
-160430.798948, -108013.646285 
 
-160437.212481, -108405.200942 
 
-160441.873336, -108796.660681 
 
-160444.782698, -109188.019366 
 
-160445.941760, -109579.270868 
 
-160445.351726, -109970.409070 
 
-160443.013807, -110361.427863 
 
-160438.929224, -110752.321147 
 
-160433.099206, -111143.082829 
 
-160425.524989, -111533.706829 
 
-160416.207821, -111924.187072 
 
-160405.148956, -112314.517494 
 
-160392.349657, -112704.692038 
 
-160377.811196, -113094.704656 
 
-160361.534854, -113484.549309 
 
-160343.521918, -113874.219964 
 
-160323.773688, -114263.710599 
 
-160302.291467, -114653.015198 
 
-160279.076571, -115042.127753 
 
-160254.130321, -115431.042265 
 
-160227.454048, -115819.752742 
 
-160199.049092, -116208.253199 
 
-160168.916800, -116596.537660 
 
-160137.058528, -116984.600154 
 
-160103.475639, -117372.434720 
 
-160068.169506, -117760.035403 
 
-160031.141511, -118147.396254 
 
-159992.393040, -118534.511333 
 
-159951.925493, -118921.374705 
 
-159909.740273, -119307.980443 
 
-159865.838795, -119694.322626 
 
-159820.222480, -120080.395342 
 
-159772.892758, -120466.192681 
 
-159723.851068, -120851.708742 
 
-159673.098855, -121236.937632 
 
-159620.637574, -121621.873461 
 
-159566.468688, -122006.510347 
 
-159510.593667, -122390.842413 
 
-159453.013991, -122774.863789 
 
-159393.731146, -123158.568609 
 
-159332.746629, -123541.951015 
 
-159270.061942, -123925.005154 
 
-159205.678597, -124307.725176 
 
-159139.598114, -124690.105241 
 
-159071.822021, -125072.139509 
 
-159002.351853, -125453.822151 
 
-158931.189156, -125835.147338 
 
-158858.335482, -126216.109249 
 
-158783.792391, -126596.702068 
 
-158707.561452, -126976.919981 
 
-158629.644243, -127356.757183 
 
-158550.042347, -127736.207870 
 
-158468.757360, -128115.266245 
 
-158385.790882, -128493.926514 
 
-158301.144524, -128872.182888 
 
-158214.819903, -129250.029583 
 
-158126.818646, -129627.460817 
 
-158037.142387, -130004.470815 
 
-157945.792770, -130381.053804 
 
-157852.771445, -130757.204016 
 
-157758.080073, -131132.915685 
 
-157661.720321, -131508.183052 
 
-157563.693865, -131883.000359 
 
-157464.002389, -132257.361852 
 
-157362.647588, -132631.261781 
 
-157259.631161, -133004.694400 
 
-157154.954820, -133377.653965 
 
-157048.620281, -133750.134735 
 
-156940.629272, -134122.130975 
 
-156830.983528, -134493.636949 
 
-156719.684792, -134864.646926 
 
-156606.734817, -135235.155179 
 
-156492.135364, -135605.155982 
 
-156375.888201, -135974.643611 
 
-156257.995107, -136343.612348 
 
-156138.457869, -136712.056473 
 
-156017.278281, -137079.970273 
 
-155894.458148, -137447.348033 
 
-155769.999282, -137814.184044 
 
-155643.903504, -138180.472596 
 
-155516.172646, -138546.207984 
 
-155386.808546, -138911.384503 
 
-155255.813052, -139275.996449 
 
-155123.188022, -139640.038124 
 
-154988.935319, -140003.503827 
 
-154853.056821, -140366.387861 
 
-154715.554410, -140728.684531 
 
-154576.429978, -141090.388142 
 
-154435.685429, -141451.493001 
 
-154293.322673, -141811.993417 
 
-154149.343630, -142171.883699 
 
-154003.750229, -142531.158159 
 
-153856.544410, -142889.811108 
 
-153707.728119, -143247.836859 
 
-153557.303315, -143605.229725 
 
-153405.271964, -143961.984022 
 
-153251.636042, -144318.094065 
 
-153096.397534, -144673.554169 
 
-152939.558436, -145028.358651 
 
-152781.120752, -145382.501829 
 
-152621.086497, -145735.978019 
 
-152459.457693, -146088.781539 
 
-152296.236376, -146440.906709 
 
-152131.424587, -146792.347845 
 
-151965.024381, -147143.099266 
 
-151797.037820, -147493.155290 
 
-151627.466978, -147842.510236 
 
-151456.313937, -148191.158422 
 
-151283.580790, -148539.094165 
 
-151109.269641, -148886.311784 
 
-150933.382602, -149232.805595 
 
-150755.921798, -149578.569916 
 
-150576.889361, -149923.599062 
 
-150396.287436, -150267.887348 
 
-150214.118177, -150611.429091 
 
-150030.383750, -150954.218604 
 
-149845.086329, -151296.250201 
 
-149658.228101, -151637.518193 
 
-149469.811262, -151978.016892 
 
-149279.838020, -152317.740609 
 
-149088.310593, -152656.683653 
 
-148895.231209, -152994.840331 
 
-148700.602108, -153332.204951 
 
-148504.425543, -153668.771817 
 
-148306.703773, -154004.535234 
 
-148107.439073, -154339.489504 
 
-147906.633726, -154673.628927 
 
-147704.290029, -155006.947803 
 
-147500.410288, -155339.440430 
 
-147294.996820, -155671.101101 
 
-147088.051957, -156001.924113 
 
-146879.578039, -156331.903755 
 
-146669.577420, -156661.034318 
 
-146458.052463, -156989.310089 
 
-146245.005546, -157316.725354 
 
-146030.439057, -157643.274396 
 
-145814.355397, -157968.951496 
 
-145596.756977, -158293.750932 
 
-145377.646222, -158617.666980 
 
-145157.025569, -158940.693915 
 
-144934.897468, -159262.826006 
 
-144711.264379, -159584.057522 
 
-144486.128776, -159904.382729 
 
-144259.493147, -160223.795890 
 
-144031.359990, -160542.291265 
 
-143801.731817, -160859.863109 
 
-143570.611153, -161176.505679 
 
-143338.000536, -161492.213223 
 
-143103.902516, -161806.979991 
 
-142868.319657, -162120.800228 
 
-142631.254536, -162433.668173 
 
-142392.709744, -162745.578066 
 
-142152.687884, -163056.524140 
 
-141911.191574, -163366.500628 
 
-141668.223445, -163675.501758 
 
-141423.786141, -163983.521752 
 
-141177.882320, -164290.554832 
 
-140930.514655, -164596.595214 
 
-140681.685833, -164901.637111 
 
-140431.398553, -165205.674733 
 
-140179.655530, -165508.702286 
 
-139926.459494, -165810.713969 
 
-139671.813188, -166111.703981 
 
-139415.719370, -166411.666514 
 
-139158.180813, -166710.595759 
 
-138899.200304, -167008.485900 
 
-138638.780646, -167305.331117 
 
-138376.924655, -167601.125587 
 
-138113.635165, -167895.863482 
 
-137848.915023, -168189.538969 
 
-137582.767093, -168482.146213 
 
-137315.194252, -168773.679370 
 
-137046.199396, -169064.132595 
 
-136775.785433, -169353.500038 
 
-136503.955290, -169641.775843 
 
-136230.711909, -169928.954150 
 
-135956.058246, -170215.029094 
 
-135679.997277, -170499.994805 
 
-135402.531991, -170783.845409 
 
-135123.665395, -171066.575025 
 
-134843.400513, -171348.177769 
 
-134561.740385, -171628.647750 
 
-134278.688067, -171907.979075 
 
-133994.246634, -172186.165843 
 
-133708.419177, -172463.202148 
 
-133421.208804, -172739.082080 
 
-133132.618640, -173013.799723 
 
-132842.651830, -173287.349156 
 
-132551.311534, -173559.724451 
 
-132258.600931, -173830.919677 
 
-131964.523218, -174100.928895 
 
-131669.081609, -174369.746162 
 
-131372.279338, -174637.365530 
 
-131074.119656, -174903.781044 
 
-130774.605833, -175168.986743 
 
-130473.741158, -175432.976661 
 
-130171.528939, -175695.744827 
 
-129867.972502, -175957.285263 
 
-129563.075192, -176217.591986 
 
-129256.840376, -176476.659005 
 
-128949.271437, -176734.480326 
 
-128640.371780, -176991.049947 
 
-128330.144828, -177246.361862 
 
